Display gbd1
Ruta 1 : (1,2),(2,3),(3,4),(4,1)
Ruta 2 : (1,7),(7,8),(8,10),(10,1)
Ruta 3 : (1,12),(12,5),(5,6),(6,7),('7...',1)
Ruta 4 : ('1...',12),(12,6),(12,7),(8,11),(11,5),('5...',1)
Ruta 5 : ('1...',2),(2,4),(2,9),(9,10),(11,9),('9...',1)
Ruta 6 : ('1...',5),(5,3),('3...',1)
Costo total: 394

Display gbd2
Ruta 1 : (1,2),(2,3),(3,4),(4,12),('12...',1)
Ruta 2 : (1,4),(4,2),(2,9),(9,10),('10...',1)
Ruta 3 : (1,7),(7,8),(8,10),(10,1)
Ruta 4 : (1,9),(9,11),(11,5),(5,6),('6...',1)
Ruta 5 : (1,12),(12,5),(5,3),(6,7),('7...',1)
Ruta 6 : ('1...',12),(12,6),(6,8),(8,11),(10,7),('7...',1)
Ruta 7 : ('1...',12),(12,7),('7...',1)
Costo total: 383

Display gbd3
Ruta 1 : (1,2),(2,4),(4,1),(1,7),('7...',1)
Ruta 2 : (1,9),(9,10),(10,11),(11,5),('5...',1)
Ruta 3 : (1,10),(10,8),(8,11),(11,9),('9...',1)
Ruta 4 : (1,12),(12,3),(3,4),(2,9),('9...',1)
Ruta 5 : ('1...',12),(12,5),(5,6),(6,7),(7,8),('8...',1)
Ruta 6 : ('1...',12),(12,6),(5,3),('3...',1)
Costo total: 341

Display gbd4
Ruta 1 : (1,2),(2,3),(3,4),(4,1)
Ruta 2 : (1,6),(6,7),(7,8),(8,10),('10...',1)
Ruta 3 : (1,7),(8,11),(11,5),(5,6),('6...',1)
Ruta 4 : (1,10),(10,11),(11,9),(9,10),('10...',1)
Ruta 5 : ('1...',2),(2,4),(2,9),(3,5),('5...',1)
Costo total: 358

Display gbd5
Ruta 1 : (1,2),(2,3),(3,4),(4,13),('13...',1)
Ruta 2 : (1,4),(4,2),(2,9),(9,10),('10...',1)
Ruta 3 : (1,7),(7,8),(8,10),(10,11),('11...',1)
Ruta 4 : (1,10),(8,11),(11,5),(5,6),('6...',1)
Ruta 5 : (1,12),(12,5),(5,13),(13,3),('3...',1)
Ruta 6 : ('1...',12),(12,6),(6,7),(7,12),(5,3),('3...',1)
Ruta 7 : ('1...',9),(9,11),('11...',1)
Costo total: 493

Display gbd6
Ruta 1 : (1,2),(2,3),(3,4),(4,11),('11...',1)
Ruta 2 : (1,4),(4,2),(2,9),(9,10),('10...',1)
Ruta 3 : (1,7),(7,8),(8,10),(10,1)
Ruta 4 : (1,12),(12,5),(5,6),(6,7),('7...',1)
Ruta 5 : ('1...',12),(12,6),(12,7),(5,11),(11,3),('3...',1)
Ruta 6 : ('1...',5),(5,3),('3...',1)
Costo total: 382

Display gbd7
Ruta 1 : (1,2),(2,3),(3,4),(4,1)
Ruta 2 : (1,7),(7,8),(8,10),(10,1)
Ruta 3 : (1,11),(11,5),(5,12),(12,1)
Ruta 4 : ('1...',12),(12,7),(7,6),(6,11),(11,8),('8...',1)
Ruta 5 : ('1...',2),(2,4),(2,9),(9,10),(11,9),('9...',1)
Ruta 6 : ('1...',5),(5,3),('3...',1)
Costo total: 393
